timestamps:
  login: 1719762721293
  logout: 1719762778855
ipAddress: 127.0.0.1
logoutlocation:
  world: world
  x: 228.88108795368305
  y: 61.0
  z: 232.67559234543245
  yaw: -3.1500003
  pitch: 22.500002
