timestamps:
  login: 1702074546492
  logout: 1702074571785
ipAddress: 127.0.0.1
logoutlocation:
  world: world
  x: 239.3811213662351
  y: 83.0
  z: 170.24033005356887
  yaw: -78.0
  pitch: 32.86875
